ACC_1_ID=0.0.49352671
ACC_1_PRIVATE_KEY=2001887be8b7a8844fc2c471fd74fce4ce70965340c3e2b09a7ae1d61c994d95
ACC_2_ID=0.0.49352672
ACC_2_PRIVATE_KEY=042755f5c3eded9057967778687f6e43138b4ee47848b2cb8769122e265c3d83
ACC_3_ID=0.0.49352673
ACC_3_PRIVATE_KEY=083cb5e4251c269d129c4b92adee15a0592f00016910a5b7eb8ea05bba9c8106