ACCOUNT_1_ID=0.0.49352671
ACCOUNT_1_PRIVATE_KEY=2001887be8b7a8844fc2c471fd74fce4ce70965340c3e2b09a7ae1d61c994d95
CONTRACT_ID=0.0.49354485
FILE_ID=0.0.49354484
HEDERA_NETWORK="testnet"

ACC_ID=0.0.49352672
ACC_PRIVATE_KEY=042755f5c3eded9057967778687f6e43138b4ee47848b2cb8769122e265c3d83