ACCOUNT_ID_1=0.0.49352671
PRIVATE_KEY_1=2001887be8b7a8844fc2c471fd74fce4ce70965340c3e2b09a7ae1d61c994d95
ACCOUNT_ID_2=0.0.49352672
PRIVATE_KEY_2=042755f5c3eded9057967778687f6e43138b4ee47848b2cb8769122e265c3d83
HEDERA_NETWORK="testnet"