ACCOUNT_ID_1=0.0.49352671
ACCOUNT_ID_2=0.0.49352672
ACCOUNT_ID_3=0.0.49352673
ACCOUNT_ID_4=0.0.49352674

PRIVATE_KEY_1=2001887be8b7a8844fc2c471fd74fce4ce70965340c3e2b09a7ae1d61c994d95
PRIVATE_KEY_2=042755f5c3eded9057967778687f6e43138b4ee47848b2cb8769122e265c3d83
PRIVATE_KEY_3=083cb5e4251c269d129c4b92adee15a0592f00016910a5b7eb8ea05bba9c8106
PRIVATE_KEY_4=41790aa24c16eac0c5add5c4ce012e51ff7bfd01e52afd5d98fe026c5590ccde

PUBLIC_KEY_1=9da1764beaf058e94119fb10f4b5e5adc47f0045a0c3b1f0d593b0626d056bcb
PUBLIC_KEY_2=042755f5c3eded9057967778687f6e43138b4ee47848b2cb8769122e265c3d83
PUBLIC_KEY_3=07c28edecf34df5353a16d8f267de58d915c202d7e5a5b75a2c8c4c26203c530
PUBLIC_KEY_4=d3190e102d0796cae4b4279cbcb191fd5dac7b0e2ab7e372ac621bad63c815dd
